2.500000000000000000e+01 1.000000000000000056e-01 5.000000000000000000e+00 9.344000000000000083e-01
2.500000000000000000e+01 2.000000000000000111e-01 5.000000000000000000e+00 9.229000000000000536e-01
2.500000000000000000e+01 3.000000000000000444e-01 5.000000000000000000e+00 9.264000000000000012e-01
5.000000000000000000e+01 1.000000000000000056e-01 5.000000000000000000e+00 9.584000000000000297e-01
5.000000000000000000e+01 2.000000000000000111e-01 5.000000000000000000e+00 9.504000000000000226e-01
5.000000000000000000e+01 3.000000000000000444e-01 5.000000000000000000e+00 9.375000000000000000e-01
7.500000000000000000e+01 1.000000000000000056e-01 5.000000000000000000e+00 9.620999999999999552e-01
7.500000000000000000e+01 2.000000000000000111e-01 5.000000000000000000e+00 9.567999999999999838e-01
7.500000000000000000e+01 3.000000000000000444e-01 5.000000000000000000e+00 9.495000000000000107e-01
1.000000000000000000e+02 1.000000000000000056e-01 5.000000000000000000e+00 9.607999999999999874e-01
1.000000000000000000e+02 2.000000000000000111e-01 5.000000000000000000e+00 9.635000000000000231e-01
1.000000000000000000e+02 3.000000000000000444e-01 5.000000000000000000e+00 9.468999999999999639e-01
1.250000000000000000e+02 1.000000000000000056e-01 5.000000000000000000e+00 9.664000000000000368e-01
1.250000000000000000e+02 2.000000000000000111e-01 5.000000000000000000e+00 9.643000000000000460e-01
1.250000000000000000e+02 3.000000000000000444e-01 5.000000000000000000e+00 9.536000000000000032e-01
1.500000000000000000e+02 1.000000000000000056e-01 5.000000000000000000e+00 9.713000000000000522e-01
1.500000000000000000e+02 2.000000000000000111e-01 5.000000000000000000e+00 9.698999999999999844e-01
1.500000000000000000e+02 3.000000000000000444e-01 5.000000000000000000e+00 9.547999999999999821e-01
1.750000000000000000e+02 1.000000000000000056e-01 5.000000000000000000e+00 9.737999999999999989e-01
1.750000000000000000e+02 2.000000000000000111e-01 5.000000000000000000e+00 9.670999999999999597e-01
1.750000000000000000e+02 3.000000000000000444e-01 5.000000000000000000e+00 9.608999999999999764e-01
2.000000000000000000e+02 1.000000000000000056e-01 5.000000000000000000e+00 9.723000000000000531e-01
2.000000000000000000e+02 2.000000000000000111e-01 5.000000000000000000e+00 9.691999999999999504e-01
2.000000000000000000e+02 3.000000000000000444e-01 5.000000000000000000e+00 9.576999999999999957e-01
